{
 "cells": [
  {
   "cell_type": "code",
   "execution_count": null,
   "metadata": {
    "id": "bJdScQ0895LG"
   },
   "outputs": [],
   "source": [
    "# This .ipynb notebook was written by Rachel\n",
    "# Notebook used to initiate workspace, install dependencies into runtime and run shell script for training of TA's model on Colab Pro's high RAM GPU.\n",
    "# Training stopped after 10h 50mm."
   ]
  },
  {
   "cell_type": "markdown",
   "metadata": {
    "id": "XG8n8WTJi3ZK"
   },
   "source": [
    "# Git"
   ]
  },
  {
   "cell_type": "code",
   "execution_count": 1,
   "metadata": {
    "colab": {
     "base_uri": "https://localhost:8080/"
    },
    "id": "Pu60gV80hKBz",
    "outputId": "a5580b1a-f3cd-4e09-bf7b-b8eae416eea8"
   },
   "outputs": [
    {
     "name": "stdout",
     "output_type": "stream",
     "text": [
      "Cloning into 'NLP'...\n",
      "remote: Enumerating objects: 29, done.\u001b[K\n",
      "remote: Counting objects: 100% (29/29), done.\u001b[K\n",
      "remote: Compressing objects: 100% (23/23), done.\u001b[K\n",
      "remote: Total 29 (delta 4), reused 28 (delta 3), pack-reused 0\u001b[K\n",
      "Unpacking objects: 100% (29/29), done.\n"
     ]
    }
   ],
   "source": [
    "!git clone https://github.com/rachung2510/NLP.git"
   ]
  },
  {
   "cell_type": "code",
   "execution_count": null,
   "metadata": {
    "id": "J827B4nVi2u8"
   },
   "outputs": [],
   "source": [
    "%cd /content/NLP\n",
    "!git fetch\n",
    "!git pull"
   ]
  },
  {
   "cell_type": "markdown",
   "metadata": {
    "id": "EXC2RTBtmqO8"
   },
   "source": [
    "# Pip install"
   ]
  },
  {
   "cell_type": "code",
   "execution_count": 2,
   "metadata": {
    "colab": {
     "base_uri": "https://localhost:8080/",
     "height": 0
    },
    "id": "MUjmh5DAmp8M",
    "outputId": "63a001cb-c836-4e96-dc50-e26cd0792a98"
   },
   "outputs": [
    {
     "name": "stdout",
     "output_type": "stream",
     "text": [
      "Collecting tensorflow-gpu==1.15.5\n",
      "  Downloading tensorflow_gpu-1.15.5-cp37-cp37m-manylinux2010_x86_64.whl (411.0 MB)\n",
      "\u001b[K     |████████████████████████████████| 411.0 MB 24 kB/s \n",
      "\u001b[?25hCollecting numpy<1.19.0,>=1.16.0\n",
      "  Downloading numpy-1.18.5-cp37-cp37m-manylinux1_x86_64.whl (20.1 MB)\n",
      "\u001b[K     |████████████████████████████████| 20.1 MB 63.1 MB/s \n",
      "\u001b[?25hRequirement already satisfied: grpcio>=1.8.6 in /usr/local/lib/python3.7/dist-packages (from tensorflow-gpu==1.15.5) (1.43.0)\n",
      "Requirement already satisfied: google-pasta>=0.1.6 in /usr/local/lib/python3.7/dist-packages (from tensorflow-gpu==1.15.5) (0.2.0)\n",
      "Collecting gast==0.2.2\n",
      "  Downloading gast-0.2.2.tar.gz (10 kB)\n",
      "Requirement already satisfied: protobuf>=3.6.1 in /usr/local/lib/python3.7/dist-packages (from tensorflow-gpu==1.15.5) (3.17.3)\n",
      "Requirement already satisfied: absl-py>=0.7.0 in /usr/local/lib/python3.7/dist-packages (from tensorflow-gpu==1.15.5) (1.0.0)\n",
      "Requirement already satisfied: keras-preprocessing>=1.0.5 in /usr/local/lib/python3.7/dist-packages (from tensorflow-gpu==1.15.5) (1.1.2)\n",
      "Requirement already satisfied: wrapt>=1.11.1 in /usr/local/lib/python3.7/dist-packages (from tensorflow-gpu==1.15.5) (1.13.3)\n",
      "Collecting tensorboard<1.16.0,>=1.15.0\n",
      "  Downloading tensorboard-1.15.0-py3-none-any.whl (3.8 MB)\n",
      "\u001b[K     |████████████████████████████████| 3.8 MB 66.4 MB/s \n",
      "\u001b[?25hRequirement already satisfied: astor>=0.6.0 in /usr/local/lib/python3.7/dist-packages (from tensorflow-gpu==1.15.5) (0.8.1)\n",
      "Collecting tensorflow-estimator==1.15.1\n",
      "  Downloading tensorflow_estimator-1.15.1-py2.py3-none-any.whl (503 kB)\n",
      "\u001b[K     |████████████████████████████████| 503 kB 69.7 MB/s \n",
      "\u001b[?25hRequirement already satisfied: termcolor>=1.1.0 in /usr/local/lib/python3.7/dist-packages (from tensorflow-gpu==1.15.5) (1.1.0)\n",
      "Requirement already satisfied: opt-einsum>=2.3.2 in /usr/local/lib/python3.7/dist-packages (from tensorflow-gpu==1.15.5) (3.3.0)\n",
      "Requirement already satisfied: wheel>=0.26 in /usr/local/lib/python3.7/dist-packages (from tensorflow-gpu==1.15.5) (0.37.1)\n",
      "Collecting keras-applications>=1.0.8\n",
      "  Downloading Keras_Applications-1.0.8-py3-none-any.whl (50 kB)\n",
      "\u001b[K     |████████████████████████████████| 50 kB 8.4 MB/s \n",
      "\u001b[?25hRequirement already satisfied: six>=1.10.0 in /usr/local/lib/python3.7/dist-packages (from tensorflow-gpu==1.15.5) (1.15.0)\n",
      "Collecting h5py<=2.10.0\n",
      "  Downloading h5py-2.10.0-cp37-cp37m-manylinux1_x86_64.whl (2.9 MB)\n",
      "\u001b[K     |████████████████████████████████| 2.9 MB 55.1 MB/s \n",
      "\u001b[?25hRequirement already satisfied: werkzeug>=0.11.15 in /usr/local/lib/python3.7/dist-packages (from tensorboard<1.16.0,>=1.15.0->tensorflow-gpu==1.15.5) (1.0.1)\n",
      "Requirement already satisfied: setuptools>=41.0.0 in /usr/local/lib/python3.7/dist-packages (from tensorboard<1.16.0,>=1.15.0->tensorflow-gpu==1.15.5) (57.4.0)\n",
      "Requirement already satisfied: markdown>=2.6.8 in /usr/local/lib/python3.7/dist-packages (from tensorboard<1.16.0,>=1.15.0->tensorflow-gpu==1.15.5) (3.3.6)\n",
      "Requirement already satisfied: importlib-metadata>=4.4 in /usr/local/lib/python3.7/dist-packages (from markdown>=2.6.8->tensorboard<1.16.0,>=1.15.0->tensorflow-gpu==1.15.5) (4.11.1)\n",
      "Requirement already satisfied: typing-extensions>=3.6.4 in /usr/local/lib/python3.7/dist-packages (from importlib-metadata>=4.4->markdown>=2.6.8->tensorboard<1.16.0,>=1.15.0->tensorflow-gpu==1.15.5) (3.10.0.2)\n",
      "Requirement already satisfied: zipp>=0.5 in /usr/local/lib/python3.7/dist-packages (from importlib-metadata>=4.4->markdown>=2.6.8->tensorboard<1.16.0,>=1.15.0->tensorflow-gpu==1.15.5) (3.7.0)\n",
      "Building wheels for collected packages: gast\n",
      "  Building wheel for gast (setup.py) ... \u001b[?25l\u001b[?25hdone\n",
      "  Created wheel for gast: filename=gast-0.2.2-py3-none-any.whl size=7554 sha256=dc5c95f563f9c7e00c829a3239af2ea42aa310df40f6b96d3e1d7bc56e1b87c3\n",
      "  Stored in directory: /root/.cache/pip/wheels/21/7f/02/420f32a803f7d0967b48dd823da3f558c5166991bfd204eef3\n",
      "Successfully built gast\n",
      "Installing collected packages: numpy, h5py, tensorflow-estimator, tensorboard, keras-applications, gast, tensorflow-gpu\n",
      "  Attempting uninstall: numpy\n",
      "    Found existing installation: numpy 1.21.5\n",
      "    Uninstalling numpy-1.21.5:\n",
      "      Successfully uninstalled numpy-1.21.5\n",
      "  Attempting uninstall: h5py\n",
      "    Found existing installation: h5py 3.1.0\n",
      "    Uninstalling h5py-3.1.0:\n",
      "      Successfully uninstalled h5py-3.1.0\n",
      "  Attempting uninstall: tensorflow-estimator\n",
      "    Found existing installation: tensorflow-estimator 2.8.0\n",
      "    Uninstalling tensorflow-estimator-2.8.0:\n",
      "      Successfully uninstalled tensorflow-estimator-2.8.0\n",
      "  Attempting uninstall: tensorboard\n",
      "    Found existing installation: tensorboard 2.8.0\n",
      "    Uninstalling tensorboard-2.8.0:\n",
      "      Successfully uninstalled tensorboard-2.8.0\n",
      "  Attempting uninstall: gast\n",
      "    Found existing installation: gast 0.5.3\n",
      "    Uninstalling gast-0.5.3:\n",
      "      Successfully uninstalled gast-0.5.3\n",
      "\u001b[31mERROR: pip's dependency resolver does not currently take into account all the packages that are installed. This behaviour is the source of the following dependency conflicts.\n",
      "tensorflow 2.8.0 requires tf-estimator-nightly==2.8.0.dev2021122109, which is not installed.\n",
      "tensorflow 2.8.0 requires numpy>=1.20, but you have numpy 1.18.5 which is incompatible.\n",
      "tensorflow 2.8.0 requires tensorboard<2.9,>=2.8, but you have tensorboard 1.15.0 which is incompatible.\n",
      "tensorflow-probability 0.16.0 requires gast>=0.3.2, but you have gast 0.2.2 which is incompatible.\n",
      "tables 3.7.0 requires numpy>=1.19.0, but you have numpy 1.18.5 which is incompatible.\n",
      "datascience 0.10.6 requires folium==0.2.1, but you have folium 0.8.3 which is incompatible.\n",
      "albumentations 0.1.12 requires imgaug<0.2.7,>=0.2.5, but you have imgaug 0.2.9 which is incompatible.\u001b[0m\n",
      "Successfully installed gast-0.2.2 h5py-2.10.0 keras-applications-1.0.8 numpy-1.18.5 tensorboard-1.15.0 tensorflow-estimator-1.15.1 tensorflow-gpu-1.15.5\n"
     ]
    },
    {
     "data": {
      "application/vnd.colab-display-data+json": {
       "pip_warning": {
        "packages": [
         "numpy"
        ]
       }
      }
     },
     "metadata": {},
     "output_type": "display_data"
    }
   ],
   "source": [
    "!pip install tensorflow-gpu==1.15.5"
   ]
  },
  {
   "cell_type": "code",
   "execution_count": 3,
   "metadata": {
    "colab": {
     "base_uri": "https://localhost:8080/"
    },
    "id": "3LuaGd0indDb",
    "outputId": "09db03fb-54dc-4307-cc7c-37e5994e02b8"
   },
   "outputs": [
    {
     "name": "stdout",
     "output_type": "stream",
     "text": [
      "1.15.5\n"
     ]
    }
   ],
   "source": [
    "import tensorflow\n",
    "print(tensorflow.__version__)\n",
    "from tensorflow.contrib import rnn"
   ]
  },
  {
   "cell_type": "code",
   "execution_count": 4,
   "metadata": {
    "colab": {
     "base_uri": "https://localhost:8080/",
     "height": 0
    },
    "id": "tufLb-hsnq1J",
    "outputId": "fb3e758c-7291-4a15-e982-70b50f9c6ced"
   },
   "outputs": [
    {
     "name": "stdout",
     "output_type": "stream",
     "text": [
      "Collecting numpy==1.19.5\n",
      "  Downloading numpy-1.19.5-cp37-cp37m-manylinux2010_x86_64.whl (14.8 MB)\n",
      "\u001b[K     |████████████████████████████████| 14.8 MB 8.0 MB/s \n",
      "\u001b[?25hInstalling collected packages: numpy\n",
      "  Attempting uninstall: numpy\n",
      "    Found existing installation: numpy 1.18.5\n",
      "    Uninstalling numpy-1.18.5:\n",
      "      Successfully uninstalled numpy-1.18.5\n",
      "\u001b[31mERROR: pip's dependency resolver does not currently take into account all the packages that are installed. This behaviour is the source of the following dependency conflicts.\n",
      "tensorflow 2.8.0 requires tf-estimator-nightly==2.8.0.dev2021122109, which is not installed.\n",
      "tensorflow 2.8.0 requires numpy>=1.20, but you have numpy 1.19.5 which is incompatible.\n",
      "tensorflow 2.8.0 requires tensorboard<2.9,>=2.8, but you have tensorboard 1.15.0 which is incompatible.\n",
      "tensorflow-probability 0.16.0 requires gast>=0.3.2, but you have gast 0.2.2 which is incompatible.\n",
      "tensorflow-gpu 1.15.5 requires numpy<1.19.0,>=1.16.0, but you have numpy 1.19.5 which is incompatible.\n",
      "datascience 0.10.6 requires folium==0.2.1, but you have folium 0.8.3 which is incompatible.\n",
      "albumentations 0.1.12 requires imgaug<0.2.7,>=0.2.5, but you have imgaug 0.2.9 which is incompatible.\u001b[0m\n",
      "Successfully installed numpy-1.19.5\n"
     ]
    },
    {
     "data": {
      "application/vnd.colab-display-data+json": {
       "pip_warning": {
        "packages": [
         "numpy"
        ]
       }
      }
     },
     "metadata": {},
     "output_type": "display_data"
    }
   ],
   "source": [
    "!pip install numpy==1.19.5"
   ]
  },
  {
   "cell_type": "markdown",
   "metadata": {
    "id": "sVqfAja6kNGr"
   },
   "source": [
    "# Run"
   ]
  },
  {
   "cell_type": "code",
   "execution_count": 5,
   "metadata": {
    "colab": {
     "base_uri": "https://localhost:8080/"
    },
    "id": "Ldi6IQtN4YaT",
    "outputId": "67448626-76b3-4f95-9b55-b11eacf26108"
   },
   "outputs": [
    {
     "data": {
      "text/plain": [
       "True"
      ]
     },
     "execution_count": 5,
     "metadata": {},
     "output_type": "execute_result"
    }
   ],
   "source": [
    "import tensorflow as tf\n",
    "tf.test.is_gpu_available()"
   ]
  },
  {
   "cell_type": "code",
   "execution_count": 6,
   "metadata": {
    "colab": {
     "base_uri": "https://localhost:8080/"
    },
    "id": "Nei2bUTmkO82",
    "outputId": "2d88d14c-2a5c-450c-eb84-4a416def8eb4"
   },
   "outputs": [
    {
     "name": "stdout",
     "output_type": "stream",
     "text": [
      "Mounted at /content/drive\n"
     ]
    }
   ],
   "source": [
    "from google.colab import drive\n",
    "drive.mount('/content/drive')"
   ]
  },
  {
   "cell_type": "code",
   "execution_count": 8,
   "metadata": {
    "colab": {
     "base_uri": "https://localhost:8080/"
    },
    "id": "vQ6_35YukbhT",
    "outputId": "73d72c33-e52b-45e7-dd3f-cb3d5de2bf4f"
   },
   "outputs": [
    {
     "name": "stdout",
     "output_type": "stream",
     "text": [
      "\u001b[1;30;43mStreaming output truncated to the last 5000 lines.\u001b[0m\n",
      "1,969 / 17,031 (epoch 1.116 / 50), loss 1.467 (avg 1.440), 1.621s\n",
      "1,970 / 17,031 (epoch 1.116 / 50), loss 1.552 (avg 1.441), 1.625s\n",
      "1,971 / 17,031 (epoch 1.116 / 50), loss 1.469 (avg 1.441), 1.624s\n",
      "1,972 / 17,031 (epoch 1.116 / 50), loss 1.501 (avg 1.442), 1.626s\n",
      "1,973 / 17,031 (epoch 1.116 / 50), loss 1.412 (avg 1.442), 1.624s\n",
      "1,974 / 17,031 (epoch 1.116 / 50), loss 1.375 (avg 1.441), 1.624s\n",
      "1,975 / 17,031 (epoch 1.116 / 50), loss 1.454 (avg 1.441), 1.625s\n",
      "1,976 / 17,031 (epoch 1.116 / 50), loss 1.537 (avg 1.442), 1.623s\n",
      "1,977 / 17,031 (epoch 1.116 / 50), loss 1.455 (avg 1.442), 1.623s\n",
      "1,978 / 17,031 (epoch 1.116 / 50), loss 1.412 (avg 1.442), 1.624s\n",
      "1,979 / 17,031 (epoch 1.116 / 50), loss 1.431 (avg 1.442), 1.626s\n",
      "1,980 / 17,031 (epoch 1.116 / 50), loss 1.468 (avg 1.442), 1.624s\n",
      "1,981 / 17,031 (epoch 1.116 / 50), loss 1.457 (avg 1.442), 1.621s\n",
      "1,982 / 17,031 (epoch 1.116 / 50), loss 1.441 (avg 1.442), 1.623s\n",
      "1,983 / 17,031 (epoch 1.116 / 50), loss 1.356 (avg 1.441), 1.622s\n",
      "1,984 / 17,031 (epoch 1.116 / 50), loss 1.426 (avg 1.441), 1.625s\n",
      "1,985 / 17,031 (epoch 1.117 / 50), loss 1.407 (avg 1.441), 1.625s\n",
      "1,986 / 17,031 (epoch 1.117 / 50), loss 1.485 (avg 1.441), 1.624s\n",
      "1,987 / 17,031 (epoch 1.117 / 50), loss 1.484 (avg 1.442), 1.622s\n",
      "1,988 / 17,031 (epoch 1.117 / 50), loss 1.435 (avg 1.442), 1.623s\n",
      "1,989 / 17,031 (epoch 1.117 / 50), loss 1.420 (avg 1.441), 1.624s\n",
      "1,990 / 17,031 (epoch 1.117 / 50), loss 1.451 (avg 1.442), 1.624s\n",
      "1,991 / 17,031 (epoch 1.117 / 50), loss 1.456 (avg 1.442), 1.626s\n",
      "1,992 / 17,031 (epoch 1.117 / 50), loss 1.389 (avg 1.441), 1.622s\n",
      "1,993 / 17,031 (epoch 1.117 / 50), loss 1.454 (avg 1.441), 1.625s\n",
      "1,994 / 17,031 (epoch 1.117 / 50), loss 1.370 (avg 1.441), 1.623s\n",
      "1,995 / 17,031 (epoch 1.117 / 50), loss 1.446 (avg 1.441), 1.625s\n",
      "1,996 / 17,031 (epoch 1.117 / 50), loss 1.473 (avg 1.441), 1.624s\n",
      "1,997 / 17,031 (epoch 1.117 / 50), loss 1.432 (avg 1.441), 1.623s\n",
      "1,998 / 17,031 (epoch 1.117 / 50), loss 1.520 (avg 1.442), 1.624s\n",
      "1,999 / 17,031 (epoch 1.117 / 50), loss 1.513 (avg 1.442), 1.623s\n",
      "2,000 / 17,031 (epoch 1.117 / 50), loss 1.470 (avg 1.443), 1.624s\n",
      "2,001 / 17,031 (epoch 1.117 / 50), loss 1.510 (avg 1.443), 1.623s\n",
      "2,002 / 17,031 (epoch 1.118 / 50), loss 1.519 (avg 1.444), 1.626s\n",
      "2,003 / 17,031 (epoch 1.118 / 50), loss 1.352 (avg 1.443), 1.623s\n",
      "2,004 / 17,031 (epoch 1.118 / 50), loss 1.442 (avg 1.443), 1.624s\n",
      "2,005 / 17,031 (epoch 1.118 / 50), loss 1.370 (avg 1.442), 1.622s\n",
      "2,006 / 17,031 (epoch 1.118 / 50), loss 1.399 (avg 1.442), 1.624s\n",
      "2,007 / 17,031 (epoch 1.118 / 50), loss 1.441 (avg 1.442), 1.623s\n",
      "2,008 / 17,031 (epoch 1.118 / 50), loss 1.432 (avg 1.442), 1.626s\n",
      "2,009 / 17,031 (epoch 1.118 / 50), loss 1.426 (avg 1.442), 1.625s\n",
      "2,010 / 17,031 (epoch 1.118 / 50), loss 1.390 (avg 1.441), 1.625s\n",
      "2,011 / 17,031 (epoch 1.118 / 50), loss 1.335 (avg 1.440), 1.624s\n",
      "2,012 / 17,031 (epoch 1.118 / 50), loss 1.401 (avg 1.440), 1.623s\n",
      "2,013 / 17,031 (epoch 1.118 / 50), loss 1.434 (avg 1.440), 1.626s\n",
      "2,014 / 17,031 (epoch 1.118 / 50), loss 1.469 (avg 1.440), 1.622s\n",
      "2,015 / 17,031 (epoch 1.118 / 50), loss 1.452 (avg 1.440), 1.627s\n",
      "2,016 / 17,031 (epoch 1.118 / 50), loss 1.471 (avg 1.440), 1.624s\n",
      "2,017 / 17,031 (epoch 1.118 / 50), loss 1.356 (avg 1.440), 1.625s\n",
      "2,018 / 17,031 (epoch 1.118 / 50), loss 1.540 (avg 1.441), 1.625s\n",
      "2,019 / 17,031 (epoch 1.119 / 50), loss 1.452 (avg 1.441), 1.625s\n",
      "2,020 / 17,031 (epoch 1.119 / 50), loss 1.442 (avg 1.441), 1.626s\n",
      "2,021 / 17,031 (epoch 1.119 / 50), loss 1.498 (avg 1.441), 1.624s\n",
      "2,022 / 17,031 (epoch 1.119 / 50), loss 1.471 (avg 1.442), 1.625s\n",
      "2,023 / 17,031 (epoch 1.119 / 50), loss 1.390 (avg 1.441), 1.626s\n",
      "2,024 / 17,031 (epoch 1.119 / 50), loss 1.462 (avg 1.441), 1.622s\n",
      "2,025 / 17,031 (epoch 1.119 / 50), loss 1.430 (avg 1.441), 1.624s\n",
      "2,026 / 17,031 (epoch 1.119 / 50), loss 1.435 (avg 1.441), 1.624s\n",
      "2,027 / 17,031 (epoch 1.119 / 50), loss 1.425 (avg 1.441), 1.625s\n",
      "2,028 / 17,031 (epoch 1.119 / 50), loss 1.435 (avg 1.441), 1.619s\n",
      "2,029 / 17,031 (epoch 1.119 / 50), loss 1.458 (avg 1.441), 1.627s\n",
      "2,030 / 17,031 (epoch 1.119 / 50), loss 1.410 (avg 1.441), 1.620s\n",
      "2,031 / 17,031 (epoch 1.119 / 50), loss 1.472 (avg 1.441), 1.623s\n",
      "2,032 / 17,031 (epoch 1.119 / 50), loss 1.385 (avg 1.440), 1.626s\n",
      "2,033 / 17,031 (epoch 1.119 / 50), loss 1.378 (avg 1.440), 1.627s\n",
      "2,034 / 17,031 (epoch 1.119 / 50), loss 1.379 (avg 1.439), 1.622s\n",
      "2,035 / 17,031 (epoch 1.119 / 50), loss 1.344 (avg 1.438), 1.626s\n",
      "2,036 / 17,031 (epoch 1.120 / 50), loss 1.330 (avg 1.437), 1.625s\n",
      "2,037 / 17,031 (epoch 1.120 / 50), loss 1.391 (avg 1.437), 1.626s\n",
      "2,038 / 17,031 (epoch 1.120 / 50), loss 1.411 (avg 1.437), 1.623s\n",
      "2,039 / 17,031 (epoch 1.120 / 50), loss 1.417 (avg 1.436), 1.625s\n",
      "2,040 / 17,031 (epoch 1.120 / 50), loss 1.448 (avg 1.436), 1.628s\n",
      "2,041 / 17,031 (epoch 1.120 / 50), loss 1.505 (avg 1.437), 1.626s\n",
      "2,042 / 17,031 (epoch 1.120 / 50), loss 1.460 (avg 1.437), 1.624s\n",
      "2,043 / 17,031 (epoch 1.120 / 50), loss 1.456 (avg 1.438), 1.624s\n",
      "2,044 / 17,031 (epoch 1.120 / 50), loss 1.475 (avg 1.438), 1.623s\n",
      "2,045 / 17,031 (epoch 1.120 / 50), loss 1.542 (avg 1.439), 1.622s\n",
      "2,046 / 17,031 (epoch 1.120 / 50), loss 1.462 (avg 1.439), 1.625s\n",
      "2,047 / 17,031 (epoch 1.120 / 50), loss 1.515 (avg 1.440), 1.624s\n",
      "2,048 / 17,031 (epoch 1.120 / 50), loss 1.347 (avg 1.439), 1.622s\n",
      "2,049 / 17,031 (epoch 1.120 / 50), loss 1.432 (avg 1.439), 1.627s\n",
      "2,050 / 17,031 (epoch 1.120 / 50), loss 1.396 (avg 1.438), 1.624s\n",
      "2,051 / 17,031 (epoch 1.120 / 50), loss 1.417 (avg 1.438), 1.624s\n",
      "2,052 / 17,031 (epoch 1.120 / 50), loss 1.449 (avg 1.438), 1.626s\n",
      "2,053 / 17,031 (epoch 1.121 / 50), loss 1.399 (avg 1.438), 1.621s\n",
      "2,054 / 17,031 (epoch 1.121 / 50), loss 1.478 (avg 1.438), 1.623s\n",
      "2,055 / 17,031 (epoch 1.121 / 50), loss 1.503 (avg 1.439), 1.621s\n",
      "2,056 / 17,031 (epoch 1.121 / 50), loss 1.403 (avg 1.439), 1.619s\n",
      "2,057 / 17,031 (epoch 1.121 / 50), loss 1.337 (avg 1.438), 1.624s\n",
      "2,058 / 17,031 (epoch 1.121 / 50), loss 1.377 (avg 1.437), 1.623s\n",
      "2,059 / 17,031 (epoch 1.121 / 50), loss 1.443 (avg 1.437), 1.629s\n",
      "2,060 / 17,031 (epoch 1.121 / 50), loss 1.352 (avg 1.436), 1.625s\n",
      "2,061 / 17,031 (epoch 1.121 / 50), loss 1.441 (avg 1.436), 1.622s\n",
      "2,062 / 17,031 (epoch 1.121 / 50), loss 1.441 (avg 1.436), 1.625s\n",
      "2,063 / 17,031 (epoch 1.121 / 50), loss 1.362 (avg 1.436), 1.623s\n",
      "2,064 / 17,031 (epoch 1.121 / 50), loss 1.451 (avg 1.436), 1.626s\n",
      "2,065 / 17,031 (epoch 1.121 / 50), loss 1.424 (avg 1.436), 1.620s\n",
      "2,066 / 17,031 (epoch 1.121 / 50), loss 1.363 (avg 1.435), 1.627s\n",
      "2,067 / 17,031 (epoch 1.121 / 50), loss 1.397 (avg 1.435), 1.623s\n",
      "2,068 / 17,031 (epoch 1.121 / 50), loss 1.424 (avg 1.434), 1.625s\n",
      "2,069 / 17,031 (epoch 1.121 / 50), loss 1.410 (avg 1.434), 1.620s\n",
      "2,070 / 17,031 (epoch 1.122 / 50), loss 1.393 (avg 1.434), 1.622s\n",
      "2,071 / 17,031 (epoch 1.122 / 50), loss 1.440 (avg 1.434), 1.625s\n",
      "2,072 / 17,031 (epoch 1.122 / 50), loss 1.399 (avg 1.434), 1.626s\n",
      "2,073 / 17,031 (epoch 1.122 / 50), loss 1.437 (avg 1.434), 1.625s\n",
      "2,074 / 17,031 (epoch 1.122 / 50), loss 1.385 (avg 1.433), 1.621s\n",
      "2,075 / 17,031 (epoch 1.122 / 50), loss 1.367 (avg 1.432), 1.619s\n",
      "2,076 / 17,031 (epoch 1.122 / 50), loss 1.469 (avg 1.433), 1.625s\n",
      "2,077 / 17,031 (epoch 1.122 / 50), loss 1.503 (avg 1.433), 1.621s\n",
      "2,078 / 17,031 (epoch 1.122 / 50), loss 1.485 (avg 1.434), 1.622s\n",
      "2,079 / 17,031 (epoch 1.122 / 50), loss 1.358 (avg 1.433), 1.625s\n",
      "2,080 / 17,031 (epoch 1.122 / 50), loss 1.445 (avg 1.433), 1.624s\n",
      "2,081 / 17,031 (epoch 1.122 / 50), loss 1.470 (avg 1.434), 1.627s\n",
      "2,082 / 17,031 (epoch 1.122 / 50), loss 1.455 (avg 1.434), 1.620s\n",
      "2,083 / 17,031 (epoch 1.122 / 50), loss 1.491 (avg 1.434), 1.628s\n",
      "2,084 / 17,031 (epoch 1.122 / 50), loss 1.354 (avg 1.434), 1.625s\n",
      "2,085 / 17,031 (epoch 1.122 / 50), loss 1.409 (avg 1.433), 1.624s\n",
      "2,086 / 17,031 (epoch 1.122 / 50), loss 1.445 (avg 1.434), 1.624s\n",
      "2,087 / 17,031 (epoch 1.123 / 50), loss 1.380 (avg 1.433), 1.626s\n",
      "2,088 / 17,031 (epoch 1.123 / 50), loss 1.414 (avg 1.433), 1.624s\n",
      "2,089 / 17,031 (epoch 1.123 / 50), loss 1.420 (avg 1.433), 1.625s\n",
      "2,090 / 17,031 (epoch 1.123 / 50), loss 1.389 (avg 1.432), 1.624s\n",
      "2,091 / 17,031 (epoch 1.123 / 50), loss 1.426 (avg 1.432), 1.623s\n",
      "2,092 / 17,031 (epoch 1.123 / 50), loss 1.481 (avg 1.433), 1.627s\n",
      "2,093 / 17,031 (epoch 1.123 / 50), loss 1.529 (avg 1.434), 1.622s\n",
      "2,094 / 17,031 (epoch 1.123 / 50), loss 1.396 (avg 1.433), 1.624s\n",
      "2,095 / 17,031 (epoch 1.123 / 50), loss 1.403 (avg 1.433), 1.624s\n",
      "2,096 / 17,031 (epoch 1.123 / 50), loss 1.496 (avg 1.434), 1.620s\n",
      "2,097 / 17,031 (epoch 1.123 / 50), loss 1.540 (avg 1.435), 1.627s\n",
      "2,098 / 17,031 (epoch 1.123 / 50), loss 1.377 (avg 1.434), 1.627s\n",
      "2,099 / 17,031 (epoch 1.123 / 50), loss 1.461 (avg 1.434), 1.623s\n",
      "2,100 / 17,031 (epoch 1.123 / 50), loss 1.716 (avg 1.437), 1.625s\n",
      "2,101 / 17,031 (epoch 1.123 / 50), loss 1.510 (avg 1.438), 1.623s\n",
      "2,102 / 17,031 (epoch 1.123 / 50), loss 1.492 (avg 1.438), 1.624s\n",
      "2,103 / 17,031 (epoch 1.123 / 50), loss 1.484 (avg 1.439), 1.628s\n",
      "2,104 / 17,031 (epoch 1.124 / 50), loss 1.588 (avg 1.440), 1.622s\n",
      "2,105 / 17,031 (epoch 1.124 / 50), loss 1.463 (avg 1.441), 1.625s\n",
      "2,106 / 17,031 (epoch 1.124 / 50), loss 1.450 (avg 1.441), 1.624s\n",
      "2,107 / 17,031 (epoch 1.124 / 50), loss 1.410 (avg 1.440), 1.623s\n",
      "2,108 / 17,031 (epoch 1.124 / 50), loss 1.449 (avg 1.440), 1.625s\n",
      "2,109 / 17,031 (epoch 1.124 / 50), loss 1.474 (avg 1.441), 1.620s\n",
      "2,110 / 17,031 (epoch 1.124 / 50), loss 1.464 (avg 1.441), 1.625s\n",
      "2,111 / 17,031 (epoch 1.124 / 50), loss 1.394 (avg 1.441), 1.624s\n",
      "2,112 / 17,031 (epoch 1.124 / 50), loss 1.383 (avg 1.440), 1.625s\n",
      "2,113 / 17,031 (epoch 1.124 / 50), loss 1.420 (avg 1.440), 1.622s\n",
      "2,114 / 17,031 (epoch 1.124 / 50), loss 1.504 (avg 1.440), 1.624s\n",
      "2,115 / 17,031 (epoch 1.124 / 50), loss 1.457 (avg 1.441), 1.623s\n",
      "2,116 / 17,031 (epoch 1.124 / 50), loss 1.433 (avg 1.441), 1.626s\n",
      "2,117 / 17,031 (epoch 1.124 / 50), loss 1.480 (avg 1.441), 1.619s\n",
      "2,118 / 17,031 (epoch 1.124 / 50), loss 1.383 (avg 1.440), 1.626s\n",
      "2,119 / 17,031 (epoch 1.124 / 50), loss 1.411 (avg 1.440), 1.624s\n",
      "2,120 / 17,031 (epoch 1.124 / 50), loss 1.437 (avg 1.440), 1.622s\n",
      "2,121 / 17,031 (epoch 1.125 / 50), loss 1.483 (avg 1.440), 1.623s\n",
      "2,122 / 17,031 (epoch 1.125 / 50), loss 1.517 (avg 1.441), 1.623s\n",
      "2,123 / 17,031 (epoch 1.125 / 50), loss 1.377 (avg 1.441), 1.624s\n",
      "2,124 / 17,031 (epoch 1.125 / 50), loss 1.505 (avg 1.441), 1.625s\n",
      "2,125 / 17,031 (epoch 1.125 / 50), loss 1.427 (avg 1.441), 1.630s\n",
      "2,126 / 17,031 (epoch 1.125 / 50), loss 1.576 (avg 1.442), 1.621s\n",
      "2,127 / 17,031 (epoch 1.125 / 50), loss 1.531 (avg 1.443), 1.622s\n",
      "2,128 / 17,031 (epoch 1.125 / 50), loss 1.492 (avg 1.444), 1.621s\n",
      "2,129 / 17,031 (epoch 1.125 / 50), loss 1.535 (avg 1.445), 1.622s\n",
      "2,130 / 17,031 (epoch 1.125 / 50), loss 1.558 (avg 1.446), 1.625s\n",
      "2,131 / 17,031 (epoch 1.125 / 50), loss 1.455 (avg 1.446), 1.626s\n",
      "2,132 / 17,031 (epoch 1.125 / 50), loss 1.523 (avg 1.447), 1.625s\n",
      "2,133 / 17,031 (epoch 1.125 / 50), loss 1.379 (avg 1.446), 1.623s\n",
      "2,134 / 17,031 (epoch 1.125 / 50), loss 1.440 (avg 1.446), 1.623s\n",
      "2,135 / 17,031 (epoch 1.125 / 50), loss 1.434 (avg 1.446), 1.626s\n",
      "2,136 / 17,031 (epoch 1.125 / 50), loss 1.451 (avg 1.446), 1.623s\n",
      "2,137 / 17,031 (epoch 1.125 / 50), loss 1.394 (avg 1.445), 1.623s\n",
      "2,138 / 17,031 (epoch 1.126 / 50), loss 1.334 (avg 1.444), 1.624s\n",
      "2,139 / 17,031 (epoch 1.126 / 50), loss 1.392 (avg 1.444), 1.627s\n",
      "2,140 / 17,031 (epoch 1.126 / 50), loss 1.487 (avg 1.444), 1.624s\n",
      "2,141 / 17,031 (epoch 1.126 / 50), loss 1.478 (avg 1.444), 1.625s\n",
      "2,142 / 17,031 (epoch 1.126 / 50), loss 1.482 (avg 1.445), 1.622s\n",
      "2,143 / 17,031 (epoch 1.126 / 50), loss 1.406 (avg 1.444), 1.626s\n",
      "2,144 / 17,031 (epoch 1.126 / 50), loss 1.354 (avg 1.444), 1.622s\n",
      "2,145 / 17,031 (epoch 1.126 / 50), loss 1.417 (avg 1.443), 1.622s\n",
      "2,146 / 17,031 (epoch 1.126 / 50), loss 1.410 (avg 1.443), 1.624s\n",
      "2,147 / 17,031 (epoch 1.126 / 50), loss 1.410 (avg 1.443), 1.625s\n",
      "2,148 / 17,031 (epoch 1.126 / 50), loss 1.451 (avg 1.443), 1.621s\n",
      "2,149 / 17,031 (epoch 1.126 / 50), loss 1.428 (avg 1.443), 1.627s\n",
      "2,150 / 17,031 (epoch 1.126 / 50), loss 1.466 (avg 1.443), 1.622s\n",
      "2,151 / 17,031 (epoch 1.126 / 50), loss 1.464 (avg 1.443), 1.624s\n",
      "2,152 / 17,031 (epoch 1.126 / 50), loss 1.423 (avg 1.443), 1.620s\n",
      "2,153 / 17,031 (epoch 1.126 / 50), loss 1.505 (avg 1.443), 1.622s\n",
      "2,154 / 17,031 (epoch 1.126 / 50), loss 1.460 (avg 1.444), 1.619s\n",
      "2,155 / 17,031 (epoch 1.127 / 50), loss 1.460 (avg 1.444), 1.629s\n",
      "2,156 / 17,031 (epoch 1.127 / 50), loss 1.480 (avg 1.444), 1.624s\n",
      "2,157 / 17,031 (epoch 1.127 / 50), loss 1.464 (avg 1.444), 1.624s\n",
      "2,158 / 17,031 (epoch 1.127 / 50), loss 1.493 (avg 1.445), 1.620s\n",
      "2,159 / 17,031 (epoch 1.127 / 50), loss 1.421 (avg 1.445), 1.625s\n",
      "2,160 / 17,031 (epoch 1.127 / 50), loss 1.484 (avg 1.445), 1.624s\n",
      "2,161 / 17,031 (epoch 1.127 / 50), loss 1.471 (avg 1.445), 1.626s\n",
      "2,162 / 17,031 (epoch 1.127 / 50), loss 1.429 (avg 1.445), 1.627s\n",
      "2,163 / 17,031 (epoch 1.127 / 50), loss 1.586 (avg 1.446), 1.623s\n",
      "2,164 / 17,031 (epoch 1.127 / 50), loss 1.448 (avg 1.447), 1.623s\n",
      "2,165 / 17,031 (epoch 1.127 / 50), loss 1.369 (avg 1.446), 1.623s\n",
      "2,166 / 17,031 (epoch 1.127 / 50), loss 1.394 (avg 1.445), 1.621s\n",
      "2,167 / 17,031 (epoch 1.127 / 50), loss 1.517 (avg 1.446), 1.622s\n",
      "2,168 / 17,031 (epoch 1.127 / 50), loss 1.471 (avg 1.446), 1.625s\n",
      "2,169 / 17,031 (epoch 1.127 / 50), loss 1.436 (avg 1.446), 1.626s\n",
      "2,170 / 17,031 (epoch 1.127 / 50), loss 1.349 (avg 1.445), 1.627s\n",
      "2,171 / 17,031 (epoch 1.127 / 50), loss 1.350 (avg 1.444), 1.623s\n",
      "2,172 / 17,031 (epoch 1.128 / 50), loss 1.446 (avg 1.444), 1.625s\n",
      "2,173 / 17,031 (epoch 1.128 / 50), loss 1.452 (avg 1.444), 1.624s\n",
      "2,174 / 17,031 (epoch 1.128 / 50), loss 1.438 (avg 1.444), 1.627s\n",
      "2,175 / 17,031 (epoch 1.128 / 50), loss 1.515 (avg 1.445), 1.622s\n",
      "2,176 / 17,031 (epoch 1.128 / 50), loss 1.389 (avg 1.444), 1.626s\n",
      "2,177 / 17,031 (epoch 1.128 / 50), loss 1.456 (avg 1.444), 1.620s\n",
      "2,178 / 17,031 (epoch 1.128 / 50), loss 1.473 (avg 1.445), 1.624s\n",
      "2,179 / 17,031 (epoch 1.128 / 50), loss 1.365 (avg 1.444), 1.615s\n",
      "2,180 / 17,031 (epoch 1.128 / 50), loss 1.371 (avg 1.443), 1.626s\n",
      "2,181 / 17,031 (epoch 1.128 / 50), loss 1.392 (avg 1.443), 1.618s\n",
      "2,182 / 17,031 (epoch 1.128 / 50), loss 1.424 (avg 1.443), 1.625s\n",
      "2,183 / 17,031 (epoch 1.128 / 50), loss 1.359 (avg 1.442), 1.623s\n",
      "2,184 / 17,031 (epoch 1.128 / 50), loss 1.434 (avg 1.442), 1.628s\n",
      "2,185 / 17,031 (epoch 1.128 / 50), loss 1.476 (avg 1.442), 1.622s\n",
      "2,186 / 17,031 (epoch 1.128 / 50), loss 1.410 (avg 1.442), 1.624s\n",
      "2,187 / 17,031 (epoch 1.128 / 50), loss 1.524 (avg 1.442), 1.620s\n",
      "2,188 / 17,031 (epoch 1.128 / 50), loss 1.483 (avg 1.443), 1.626s\n",
      "2,189 / 17,031 (epoch 1.129 / 50), loss 1.465 (avg 1.443), 1.625s\n",
      "2,190 / 17,031 (epoch 1.129 / 50), loss 1.443 (avg 1.443), 1.626s\n",
      "2,191 / 17,031 (epoch 1.129 / 50), loss 1.302 (avg 1.442), 1.623s\n",
      "2,192 / 17,031 (epoch 1.129 / 50), loss 1.392 (avg 1.441), 1.625s\n",
      "2,193 / 17,031 (epoch 1.129 / 50), loss 1.434 (avg 1.441), 1.621s\n",
      "2,194 / 17,031 (epoch 1.129 / 50), loss 1.362 (avg 1.440), 1.626s\n",
      "2,195 / 17,031 (epoch 1.129 / 50), loss 1.378 (avg 1.440), 1.622s\n",
      "2,196 / 17,031 (epoch 1.129 / 50), loss 1.426 (avg 1.440), 1.628s\n",
      "2,197 / 17,031 (epoch 1.129 / 50), loss 1.406 (avg 1.439), 1.621s\n",
      "2,198 / 17,031 (epoch 1.129 / 50), loss 1.601 (avg 1.441), 1.624s\n",
      "2,199 / 17,031 (epoch 1.129 / 50), loss 1.434 (avg 1.441), 1.627s\n",
      "2,200 / 17,031 (epoch 1.129 / 50), loss 1.464 (avg 1.441), 1.625s\n",
      "2,201 / 17,031 (epoch 1.129 / 50), loss 1.416 (avg 1.441), 1.621s\n",
      "2,202 / 17,031 (epoch 1.129 / 50), loss 1.522 (avg 1.442), 1.624s\n",
      "2,203 / 17,031 (epoch 1.129 / 50), loss 1.491 (avg 1.442), 1.628s\n",
      "2,204 / 17,031 (epoch 1.129 / 50), loss 1.476 (avg 1.442), 1.622s\n",
      "2,205 / 17,031 (epoch 1.129 / 50), loss 1.429 (avg 1.442), 1.623s\n",
      "2,206 / 17,031 (epoch 1.130 / 50), loss 1.461 (avg 1.442), 1.621s\n",
      "2,207 / 17,031 (epoch 1.130 / 50), loss 1.421 (avg 1.442), 1.628s\n",
      "2,208 / 17,031 (epoch 1.130 / 50), loss 1.425 (avg 1.442), 1.625s\n",
      "2,209 / 17,031 (epoch 1.130 / 50), loss 1.371 (avg 1.441), 1.623s\n",
      "2,210 / 17,031 (epoch 1.130 / 50), loss 1.371 (avg 1.441), 1.625s\n",
      "2,211 / 17,031 (epoch 1.130 / 50), loss 1.457 (avg 1.441), 1.627s\n",
      "2,212 / 17,031 (epoch 1.130 / 50), loss 1.414 (avg 1.441), 1.622s\n",
      "2,213 / 17,031 (epoch 1.130 / 50), loss 1.375 (avg 1.440), 1.623s\n",
      "2,214 / 17,031 (epoch 1.130 / 50), loss 1.412 (avg 1.440), 1.627s\n",
      "2,215 / 17,031 (epoch 1.130 / 50), loss 1.444 (avg 1.440), 1.625s\n",
      "2,216 / 17,031 (epoch 1.130 / 50), loss 1.438 (avg 1.440), 1.624s\n",
      "2,217 / 17,031 (epoch 1.130 / 50), loss 1.454 (avg 1.440), 1.625s\n",
      "2,218 / 17,031 (epoch 1.130 / 50), loss 1.512 (avg 1.441), 1.624s\n",
      "2,219 / 17,031 (epoch 1.130 / 50), loss 1.464 (avg 1.441), 1.626s\n",
      "2,220 / 17,031 (epoch 1.130 / 50), loss 1.414 (avg 1.440), 1.621s\n",
      "2,221 / 17,031 (epoch 1.130 / 50), loss 1.503 (avg 1.441), 1.625s\n",
      "2,222 / 17,031 (epoch 1.130 / 50), loss 1.418 (avg 1.441), 1.622s\n",
      "2,223 / 17,031 (epoch 1.131 / 50), loss 1.347 (avg 1.440), 1.626s\n",
      "2,224 / 17,031 (epoch 1.131 / 50), loss 1.356 (avg 1.439), 1.624s\n",
      "2,225 / 17,031 (epoch 1.131 / 50), loss 1.394 (avg 1.439), 1.628s\n",
      "2,226 / 17,031 (epoch 1.131 / 50), loss 1.467 (avg 1.439), 1.622s\n",
      "2,227 / 17,031 (epoch 1.131 / 50), loss 1.442 (avg 1.439), 1.626s\n",
      "2,228 / 17,031 (epoch 1.131 / 50), loss 1.407 (avg 1.439), 1.622s\n",
      "2,229 / 17,031 (epoch 1.131 / 50), loss 1.498 (avg 1.439), 1.626s\n",
      "2,230 / 17,031 (epoch 1.131 / 50), loss 1.414 (avg 1.439), 1.626s\n",
      "2,231 / 17,031 (epoch 1.131 / 50), loss 1.442 (avg 1.439), 1.625s\n",
      "2,232 / 17,031 (epoch 1.131 / 50), loss 1.360 (avg 1.438), 1.624s\n",
      "2,233 / 17,031 (epoch 1.131 / 50), loss 1.409 (avg 1.438), 1.629s\n",
      "2,234 / 17,031 (epoch 1.131 / 50), loss 1.521 (avg 1.439), 1.623s\n",
      "2,235 / 17,031 (epoch 1.131 / 50), loss 1.488 (avg 1.439), 1.620s\n",
      "2,236 / 17,031 (epoch 1.131 / 50), loss 1.472 (avg 1.440), 1.622s\n",
      "2,237 / 17,031 (epoch 1.131 / 50), loss 1.515 (avg 1.440), 1.625s\n",
      "2,238 / 17,031 (epoch 1.131 / 50), loss 1.500 (avg 1.441), 1.624s\n",
      "2,239 / 17,031 (epoch 1.131 / 50), loss 1.447 (avg 1.441), 1.626s\n",
      "2,240 / 17,031 (epoch 1.132 / 50), loss 1.398 (avg 1.441), 1.623s\n",
      "2,241 / 17,031 (epoch 1.132 / 50), loss 1.549 (avg 1.442), 1.624s\n",
      "2,242 / 17,031 (epoch 1.132 / 50), loss 1.410 (avg 1.441), 1.621s\n",
      "2,243 / 17,031 (epoch 1.132 / 50), loss 1.476 (avg 1.442), 1.624s\n",
      "2,244 / 17,031 (epoch 1.132 / 50), loss 1.476 (avg 1.442), 1.621s\n",
      "2,245 / 17,031 (epoch 1.132 / 50), loss 1.450 (avg 1.442), 1.627s\n",
      "2,246 / 17,031 (epoch 1.132 / 50), loss 1.527 (avg 1.443), 1.624s\n",
      "2,247 / 17,031 (epoch 1.132 / 50), loss 1.399 (avg 1.443), 1.620s\n",
      "2,248 / 17,031 (epoch 1.132 / 50), loss 1.501 (avg 1.443), 1.624s\n",
      "2,249 / 17,031 (epoch 1.132 / 50), loss 1.409 (avg 1.443), 1.621s\n",
      "2,250 / 17,031 (epoch 1.132 / 50), loss 1.444 (avg 1.443), 1.625s\n",
      "2,251 / 17,031 (epoch 1.132 / 50), loss 1.448 (avg 1.443), 1.624s\n",
      "2,252 / 17,031 (epoch 1.132 / 50), loss 1.451 (avg 1.443), 1.621s\n",
      "2,253 / 17,031 (epoch 1.132 / 50), loss 1.460 (avg 1.443), 1.621s\n",
      "2,254 / 17,031 (epoch 1.132 / 50), loss 1.381 (avg 1.442), 1.622s\n",
      "2,255 / 17,031 (epoch 1.132 / 50), loss 1.420 (avg 1.442), 1.624s\n",
      "2,256 / 17,031 (epoch 1.132 / 50), loss 1.532 (avg 1.443), 1.623s\n",
      "2,257 / 17,031 (epoch 1.133 / 50), loss 1.444 (avg 1.443), 1.624s\n",
      "2,258 / 17,031 (epoch 1.133 / 50), loss 1.487 (avg 1.444), 1.620s\n",
      "2,259 / 17,031 (epoch 1.133 / 50), loss 1.561 (avg 1.445), 1.623s\n",
      "2,260 / 17,031 (epoch 1.133 / 50), loss 1.414 (avg 1.444), 1.621s\n",
      "2,261 / 17,031 (epoch 1.133 / 50), loss 1.408 (avg 1.444), 1.624s\n",
      "2,262 / 17,031 (epoch 1.133 / 50), loss 1.457 (avg 1.444), 1.624s\n",
      "2,263 / 17,031 (epoch 1.133 / 50), loss 1.499 (avg 1.445), 1.626s\n",
      "2,264 / 17,031 (epoch 1.133 / 50), loss 1.486 (avg 1.445), 1.620s\n",
      "2,265 / 17,031 (epoch 1.133 / 50), loss 1.561 (avg 1.446), 1.625s\n",
      "2,266 / 17,031 (epoch 1.133 / 50), loss 1.430 (avg 1.446), 1.623s\n",
      "2,267 / 17,031 (epoch 1.133 / 50), loss 1.432 (avg 1.446), 1.622s\n",
      "2,268 / 17,031 (epoch 1.133 / 50), loss 1.513 (avg 1.447), 1.622s\n",
      "2,269 / 17,031 (epoch 1.133 / 50), loss 1.453 (avg 1.447), 1.619s\n",
      "2,270 / 17,031 (epoch 1.133 / 50), loss 1.501 (avg 1.447), 1.622s\n",
      "2,271 / 17,031 (epoch 1.133 / 50), loss 1.561 (avg 1.448), 1.624s\n",
      "2,272 / 17,031 (epoch 1.133 / 50), loss 1.476 (avg 1.449), 1.623s\n",
      "2,273 / 17,031 (epoch 1.133 / 50), loss 1.464 (avg 1.449), 1.625s\n",
      "2,274 / 17,031 (epoch 1.134 / 50), loss 1.413 (avg 1.449), 1.625s\n",
      "2,275 / 17,031 (epoch 1.134 / 50), loss 1.452 (avg 1.449), 1.624s\n",
      "2,276 / 17,031 (epoch 1.134 / 50), loss 1.435 (avg 1.448), 1.621s\n",
      "2,277 / 17,031 (epoch 1.134 / 50), loss 1.414 (avg 1.448), 1.622s\n",
      "2,278 / 17,031 (epoch 1.134 / 50), loss 1.479 (avg 1.448), 1.620s\n",
      "2,279 / 17,031 (epoch 1.134 / 50), loss 1.370 (avg 1.448), 1.624s\n",
      "2,280 / 17,031 (epoch 1.134 / 50), loss 1.446 (avg 1.448), 1.622s\n",
      "2,281 / 17,031 (epoch 1.134 / 50), loss 1.493 (avg 1.448), 1.622s\n",
      "2,282 / 17,031 (epoch 1.134 / 50), loss 1.537 (avg 1.449), 1.622s\n",
      "2,283 / 17,031 (epoch 1.134 / 50), loss 1.560 (avg 1.450), 1.621s\n",
      "2,284 / 17,031 (epoch 1.134 / 50), loss 1.478 (avg 1.450), 1.622s\n",
      "2,285 / 17,031 (epoch 1.134 / 50), loss 1.527 (avg 1.451), 1.626s\n",
      "2,286 / 17,031 (epoch 1.134 / 50), loss 1.559 (avg 1.452), 1.626s\n",
      "2,287 / 17,031 (epoch 1.134 / 50), loss 1.512 (avg 1.453), 1.622s\n",
      "2,288 / 17,031 (epoch 1.134 / 50), loss 1.469 (avg 1.453), 1.625s\n",
      "2,289 / 17,031 (epoch 1.134 / 50), loss 1.431 (avg 1.453), 1.622s\n",
      "2,290 / 17,031 (epoch 1.134 / 50), loss 1.405 (avg 1.452), 1.624s\n",
      "2,291 / 17,031 (epoch 1.135 / 50), loss 1.425 (avg 1.452), 1.623s\n",
      "2,292 / 17,031 (epoch 1.135 / 50), loss 1.456 (avg 1.452), 1.624s\n",
      "2,293 / 17,031 (epoch 1.135 / 50), loss 1.475 (avg 1.452), 1.625s\n",
      "2,294 / 17,031 (epoch 1.135 / 50), loss 1.538 (avg 1.453), 1.621s\n",
      "2,295 / 17,031 (epoch 1.135 / 50), loss 1.450 (avg 1.453), 1.624s\n",
      "2,296 / 17,031 (epoch 1.135 / 50), loss 1.448 (avg 1.453), 1.624s\n",
      "2,297 / 17,031 (epoch 1.135 / 50), loss 1.392 (avg 1.452), 1.624s\n",
      "2,298 / 17,031 (epoch 1.135 / 50), loss 1.412 (avg 1.452), 1.626s\n",
      "2,299 / 17,031 (epoch 1.135 / 50), loss 1.399 (avg 1.451), 1.623s\n",
      "2,300 / 17,031 (epoch 1.135 / 50), loss 1.430 (avg 1.451), 1.624s\n",
      "2,301 / 17,031 (epoch 1.135 / 50), loss 1.408 (avg 1.451), 1.625s\n",
      "2,302 / 17,031 (epoch 1.135 / 50), loss 1.455 (avg 1.451), 1.621s\n",
      "2,303 / 17,031 (epoch 1.135 / 50), loss 1.380 (avg 1.450), 1.626s\n",
      "2,304 / 17,031 (epoch 1.135 / 50), loss 1.401 (avg 1.450), 1.627s\n",
      "2,305 / 17,031 (epoch 1.135 / 50), loss 1.494 (avg 1.450), 1.624s\n",
      "2,306 / 17,031 (epoch 1.135 / 50), loss 1.443 (avg 1.450), 1.624s\n",
      "2,307 / 17,031 (epoch 1.135 / 50), loss 1.412 (avg 1.450), 1.624s\n",
      "2,308 / 17,031 (epoch 1.136 / 50), loss 1.503 (avg 1.450), 1.624s\n",
      "2,309 / 17,031 (epoch 1.136 / 50), loss 1.525 (avg 1.451), 1.627s\n",
      "2,310 / 17,031 (epoch 1.136 / 50), loss 1.512 (avg 1.452), 1.621s\n",
      "2,311 / 17,031 (epoch 1.136 / 50), loss 1.427 (avg 1.451), 1.622s\n",
      "2,312 / 17,031 (epoch 1.136 / 50), loss 1.585 (avg 1.453), 1.623s\n",
      "2,313 / 17,031 (epoch 1.136 / 50), loss 1.469 (avg 1.453), 1.623s\n",
      "2,314 / 17,031 (epoch 1.136 / 50), loss 1.458 (avg 1.453), 1.626s\n",
      "2,315 / 17,031 (epoch 1.136 / 50), loss 1.455 (avg 1.453), 1.625s\n",
      "2,316 / 17,031 (epoch 1.136 / 50), loss 1.459 (avg 1.453), 1.623s\n",
      "2,317 / 17,031 (epoch 1.136 / 50), loss 1.437 (avg 1.453), 1.625s\n",
